3.827583		0.3835
4.275828		0.5967
4.724072		0.8478
5.172317		1.1230
5.620562		1.4072
6.068807		1.6866
6.517052		1.9492
6.965297		2.1862
7.413541		2.3914
7.861786		2.5613
8.310031		2.6947
8.758276		2.7922
9.206521		2.8553
9.654765		2.8870
10.103010	2.8893
10.551255	2.8688
10.999500	2.8261
11.447745	2.7656
11.895990	2.6906
12.344234	2.6041
12.792479	2.5088
13.240724	2.4072
13.688969	2.3013
14.137214	2.1930
14.585459	2.0837
15.033703	1.9747
15.481948	1.8671
15.930193	1.7618
16.378438	1.6592
16.826683	1.5601
17.274927	1.4647
17.723172	1.3733
18.171417	1.2860
18.619662	1.2030
19.067907	1.1243
19.516152	1.0498
19.964396	0.9795
20.412641	0.9133
20.860886	0.8511
21.309131	0.7927
21.757376	0.7380
22.205621	0.6867
22.653865	0.6388
23.102110	0.5940
23.550355	0.5523
23.998600	0.5133
24.446845	0.4771
24.895090	0.4433
25.343334	0.4118
25.791579	0.3826
0.500000	0.1578
0.513521	0.1681
0.527042	0.1781
0.540563	0.1878
0.554084	0.1972
0.567605	0.2062
0.581126	0.2148
0.594647	0.2230
0.608168	0.2307
0.621689	0.2379
0.635210	0.2447
0.648730	0.2509
0.662251	0.2566
0.675772	0.2617
0.689293	0.2664
0.702814	0.2705
0.716335	0.2741
0.729856	0.2772
0.743377	0.2798
0.756898	0.2819
0.770419	0.2836
0.783940	0.2848
0.797461	0.2856
0.810982	0.2859
0.824503	0.2859
0.838024	0.2855
0.851545	0.2847
0.865066	0.2836
0.878587	0.2822
0.892108	0.2805
0.905629	0.2785
0.919149	0.2763
0.932670	0.2738
0.946191	0.2711
0.959712	0.2681
0.973233	0.2650
0.986754	0.2618
1.000275	0.2583
1.013796	0.2548
1.027317	0.2511
1.040838	0.2473
1.054359	0.2434
1.067880	0.2394
1.081401	0.2354
1.094922	0.2313
1.108443	0.2271
1.121964	0.2229
1.135485	0.2187
1.149006	0.2144
1.162527	0.2102
1.176048	0.2059
1.189568	0.2017
1.203089	0.1974
1.216610	0.1932
1.230131	0.1890
1.243652	0.1848
1.257173	0.1806
1.270694	0.1765
1.284215	0.1724
1.297736	0.1684
1.311257	0.1644
1.324778	0.1605
1.338299	0.1566
1.351820	0.1527
1.365341	0.1490
1.378862	0.1453
1.392383	0.1416
1.405904	0.1380
1.419425	0.1345
1.432946	0.1310
1.446467	0.1276
1.459987	0.1243
1.473508	0.1210
1.487029	0.1178
1.500550	0.1147
1.514071	0.1116
1.527592	0.1086
1.541113	0.1057
1.554634	0.1028
1.568155	0.1000
1.581676	0.0972
1.595197	0.0945
1.608718	0.0919
1.622239	0.0894
1.635760	0.0869
1.649281	0.0844
1.662802	0.0821
1.676323	0.0798
1.689844	0.0775
1.703365	0.0753
1.716886	0.0732
1.730406	0.0711
1.743927	0.0690
1.757448	0.0671
1.770969	0.0651
1.784490	0.0633
1.798011	0.0614
1.811532	0.0597
1.825053	0.0579
1.838574	0.0563
1.852095	0.0546
1.865616	0.0530
1.879137	0.0515
1.892658	0.0500
1.906179	0.0485
1.919700	0.0471
1.933221	0.0457
1.946742	0.0444
1.960263	0.0431
1.973784	0.0418
1.987305	0.0406
2.000825	0.0394
2.014346	0.0382
2.027867	0.0371
2.041388	0.0360
2.054909	0.0349
2.068430	0.0339
2.081951	0.0329
2.095472	0.0319
2.108993	0.0310
2.122514	0.0301
2.136035	0.0292
2.149556	0.0283
2.163077	0.0275
2.176598	0.0267
2.190119	0.0259
2.203640	0.0251
2.217161	0.0244
2.230682	0.0236
2.244203	0.0229
2.257724	0.0223
2.271244	0.0216
2.284765	0.0210
2.298286	0.0203
2.311807	0.0197
2.325328	0.0192
2.338849	0.0186
2.352370	0.0180
2.365891	0.0175
2.379412	0.0170
2.392933	0.0165
2.406454	0.0160
2.419975	0.0155
2.433496	0.0151
2.447017	0.0146
2.460538	0.0142
2.474059	0.0138
2.487580	0.0134
2.501101	0.0130
2.514622	0.0126
2.528143	0.0122
2.541663	0.0119
2.555184	0.0115
2.568705	0.0112
2.582226	0.0108
2.595747	0.0105
2.609268	0.0102
2.622789	0.0099
2.636310	0.0096
2.649831	0.0093
2.663352	0.0091
2.676873	0.0088
2.690394	0.0086
2.703915	0.0083
2.717436	0.0081
2.730957	0.0078
2.744478	0.0076
2.757999	0.0074
2.771520	0.0072
2.785041	0.0070
2.798562	0.0068
2.812082	0.0066
2.825603	0.0064
2.839124	0.0062
2.852645	0.0060
2.866166	0.0058
2.879687	0.0057
2.893208	0.0055
2.906729	0.0053
2.920250	0.0052
2.933771	0.0050
2.947292	0.0049
2.960813	0.0048
2.974334	0.0046
2.987855	0.0045
3.001376	0.0044
3.014897	0.0042
3.028418	0.0041
3.041939	0.0040
3.055460	0.0039
3.068981	0.0038
3.082501	0.0037
3.096022	0.0036
3.109543	0.0035
3.123064	0.0034
3.136585	0.0033
3.150106	0.0032
3.163627	0.0031
3.177148	0.0030
3.190669	0.0029