example/dempm/DebrisFlow/dc7_dem_1411slide.txt
ncols         231
nrows         261
xllcorner     618049.313
yllcorner     3996199.5
cellsize      1
NODATA_value  -9999
[rows 140 to 167 of 261, columns 63 to 125 of 231]
1618.88 1619.114 1619.337 1619.548 1619.75 1619.957 1620.331 1620.716 1621.131 1621.511 1621.856 1622.176 1622.475 1622.759 1623.03 1623.289 1623.534 1623.766 1623.983 1624.179 1624.31 1624.322 1624.409 1624.504 1624.613 1624.728 1624.841 1624.942 1625.132 1625.436 1625.692 1625.926 1626.142 1626.347 1626.544 1626.717 1626.869 1627.054 1627.258 1627.501 1627.776 1628.077 1628.404 1628.761 1629.152 1629.571 1629.994 1630.032 1630.318 1630.791 1631.485 1632.497 1633.647 1634.249 1634.443 1634.464 1634.413 1634.281 1634.158 1634.09 1634.064 1634.09 1634.177
1618.51 1618.778 1619.034 1619.279 1619.514 1619.738 1619.956 1620.381 1620.815 1621.198 1621.543 1621.862 1622.16 1622.442 1622.709 1622.962 1623.199 1623.421 1623.625 1623.803 1623.929 1624.031 1624.137 1624.251 1624.377 1624.513 1624.658 1624.808 1624.951 1625.152 1625.368 1625.567 1625.749 1625.917 1626.07 1626.206 1626.352 1626.526 1626.729 1626.979 1627.269 1627.593 1627.949 1628.34 1628.765 1629.215 1629.652 1629.92 1630.003 1630.054 1630.531 1631.826 1632.735 1633.242 1633.52 1633.63 1633.587 1633.51 1633.438 1633.399 1633.394 1633.44 1633.54
1618.191 1618.483 1618.764 1619.035 1619.298 1619.554 1619.809 1620.139 1620.55 1620.922 1621.26 1621.573 1621.866 1622.143 1622.403 1622.647 1622.876 1623.09 1623.285 1623.454 1623.593 1623.712 1623.838 1623.967 1624.105 1624.255 1624.417 1624.592 1624.778 1624.965 1625.117 1625.252 1625.367 1625.466 1625.561 1625.69 1625.834 1625.996 1626.19 1626.443 1626.749 1627.099 1627.486 1627.898 1628.331 1628.757 1629.159 1629.502 1629.791 1629.981 1630.177 1631.211 1631.956 1632.397 1632.662 1632.79 1632.775 1632.735 1632.706 1632.695 1632.714 1632.775 1632.879
1617.905 1618.214 1618.513 1618.804 1619.089 1619.37 1619.653 1619.969 1620.336 1620.685 1621.006 1621.306 1621.59 1621.858 1622.108 1622.342 1622.562 1622.767 1622.952 1623.119 1623.26 1623.391 1623.527 1623.667 1623.814 1623.973 1624.146 1624.333 1624.537 1624.762 1625 1624.99 1624.993 1624.999 1625.038 1625.179 1625.32 1625.467 1625.639 1625.89 1626.219 1626.606 1627.02 1627.449 1627.88 1628.299 1628.699 1629.08 1629.443 1629.768 1630.053 1630.663 1631.3 1631.654 1631.865 1631.973 1631.971 1631.956 1631.962 1631.984 1632.026 1632.1 1632.204
1617.643 1617.964 1618.276 1618.582 1618.884 1619.184 1619.488 1619.814 1620.157 1620.476 1620.774 1621.058 1621.329 1621.584 1621.822 1622.045 1622.255 1622.449 1622.626 1622.788 1622.929 1623.069 1623.211 1623.357 1623.511 1623.677 1623.856 1624.049 1624.248 1624.428 1624.575 1624.621 1624.637 1624.662 1624.701 1624.76 1624.853 1624.967 1625.094 1625.315 1625.706 1626.136 1626.571 1627.006 1627.434 1627.851 1628.257 1628.656 1629.052 1629.446 1629.826 1630.265 1630.742 1630.976 1631.104 1631.165 1631.168 1631.166 1631.206 1631.271 1631.339 1631.424 1631.521
1617.399 1617.728 1618.05 1618.368 1618.683 1618.998 1619.318 1619.656 1620.003 1620.298 1620.565 1620.826 1621.081 1621.319 1621.543 1621.755 1621.953 1622.136 1622.305 1622.458 1622.599 1622.743 1622.889 1623.041 1623.201 1623.371 1623.549 1623.724 1623.885 1624.027 1624.145 1624.211 1624.25 1624.289 1624.337 1624.395 1624.466 1624.558 1624.669 1624.865 1625.264 1625.701 1626.136 1626.568 1626.993 1627.409 1627.82 1628.229 1628.64 1629.057 1629.49 1629.944 1630.236 1630.31 1630.353 1630.361 1630.357 1630.358 1630.438 1630.567 1630.677 1630.761 1630.836
1617.17 1617.504 1617.834 1618.16 1618.486 1618.813 1619.148 1619.496 1619.852 1620.152 1620.379 1620.611 1620.844 1621.063 1621.271 1621.469 1621.656 1621.826 1621.982 1622.128 1622.271 1622.415 1622.563 1622.719 1622.883 1623.052 1623.215 1623.367 1623.505 1623.629 1623.733 1623.803 1623.852 1623.9 1623.952 1624.011 1624.078 1624.158 1624.27 1624.518 1624.872 1625.278 1625.705 1626.132 1626.555 1626.972 1627.386 1627.799 1628.216 1628.64 1629.079 1629.51 1629.691 1629.711 1629.731 1629.743 1629.751 1629.773 1629.835 1629.936 1630.047 1630.128 1630.148
1616.951 1617.289 1617.624 1617.956 1618.288 1618.623 1618.968 1619.326 1619.691 1620.033 1620.212 1620.407 1620.615 1620.813 1621.002 1621.185 1621.357 1621.513 1621.657 1621.798 1621.941 1622.084 1622.235 1622.393 1622.558 1622.715 1622.864 1622.999 1623.124 1623.235 1623.33 1623.399 1623.453 1623.505 1623.558 1623.616 1623.681 1623.755 1623.897 1624.151 1624.483 1624.868 1625.278 1625.699 1626.119 1626.536 1626.95 1627.365 1627.782 1628.206 1628.627 1628.972 1629.184 1629.213 1629.239 1629.275 1629.319 1629.371 1629.436 1629.525 1629.629 1629.726 1629.822
1616.742 1617.08 1617.415 1617.748 1618.083 1618.421 1618.764 1619.111 1619.462 1619.799 1620.016 1620.192 1620.376 1620.554 1620.725 1620.893 1621.051 1621.194 1621.332 1621.469 1621.608 1621.751 1621.903 1622.063 1622.222 1622.369 1622.504 1622.63 1622.745 1622.848 1622.935 1623.001 1623.058 1623.11 1623.161 1623.216 1623.278 1623.355 1623.518 1623.77 1624.09 1624.459 1624.856 1625.268 1625.684 1626.099 1626.512 1626.926 1627.341 1627.759 1628.139 1628.452 1628.671 1628.744 1628.789 1628.841 1628.897 1628.96 1629.039 1629.136 1629.252 1629.377 1629.511
1616.538 1616.873 1617.205 1617.537 1617.868 1618.199 1618.529 1618.859 1619.183 1619.469 1619.705 1619.909 1620.098 1620.269 1620.427 1620.584 1620.736 1620.878 1621.009 1621.141 1621.274 1621.414 1621.566 1621.727 1621.877 1622.015 1622.143 1622.262 1622.37 1622.466 1622.546 1622.611 1622.668 1622.719 1622.767 1622.815 1622.871 1622.957 1623.128 1623.377 1623.69 1624.049 1624.436 1624.839 1625.25 1625.661 1626.071 1626.481 1626.892 1627.297 1627.656 1627.956 1628.179 1628.284 1628.344 1628.408 1628.474 1628.551 1628.645 1628.754 1628.882 1629.028 1629.188
1616.337 1616.666 1616.994 1617.32 1617.643 1617.963 1618.28 1618.593 1618.892 1619.153 1619.394 1619.611 1619.811 1619.972 1620.122 1620.273 1620.423 1620.563 1620.691 1620.815 1620.94 1621.073 1621.224 1621.384 1621.527 1621.659 1621.782 1621.896 1622 1622.09 1622.165 1622.228 1622.284 1622.333 1622.376 1622.419 1622.465 1622.553 1622.726 1622.975 1623.283 1623.635 1624.015 1624.411 1624.817 1625.223 1625.629 1626.035 1626.44 1626.836 1627.184 1627.48 1627.706 1627.828 1627.902 1627.976 1628.053 1628.144 1628.25 1628.372 1628.513 1628.675 1628.856
1616.137 1616.459 1616.78 1617.096 1617.409 1617.717 1618.021 1618.316 1618.59 1618.847 1619.091 1619.317 1619.517 1619.688 1619.826 1619.968 1620.113 1620.256 1620.384 1620.498 1620.61 1620.727 1620.874 1621.034 1621.174 1621.304 1621.428 1621.545 1621.645 1621.73 1621.801 1621.86 1621.91 1621.953 1621.991 1622.026 1622.062 1622.142 1622.315 1622.563 1622.87 1623.218 1623.593 1623.984 1624.386 1624.787 1625.188 1625.589 1625.989 1626.379 1626.725 1627.02 1627.248 1627.376 1627.463 1627.548 1627.635 1627.737 1627.854 1627.986 1628.139 1628.314 1628.505
1615.931 1616.246 1616.557 1616.863 1617.164 1617.46 1617.75 1618.027 1618.291 1618.547 1618.793 1619.021 1619.224 1619.402 1619.546 1619.679 1619.815 1619.953 1620.089 1620.204 1620.291 1620.373 1620.507 1620.679 1620.823 1620.963 1621.098 1621.215 1621.313 1621.393 1621.459 1621.512 1621.553 1621.585 1621.614 1621.64 1621.663 1621.724 1621.893 1622.142 1622.45 1622.797 1623.169 1623.558 1623.955 1624.352 1624.748 1625.144 1625.539 1625.928 1626.275 1626.574 1626.802 1626.931 1627.031 1627.124 1627.219 1627.329 1627.454 1627.596 1627.757 1627.934 1628.13
1615.715 1616.022 1616.324 1616.619 1616.908 1617.192 1617.466 1617.734 1617.995 1618.251 1618.498 1618.728 1618.934 1619.118 1619.268 1619.401 1619.533 1619.668 1619.804 1619.938 1620.004 1620.027 1620.098 1620.33 1620.497 1620.658 1620.796 1620.912 1621.006 1621.081 1621.141 1621.185 1621.215 1621.235 1621.249 1621.261 1621.269 1621.301 1621.461 1621.713 1622.024 1622.372 1622.744 1623.133 1623.526 1623.918 1624.309 1624.7 1625.089 1625.477 1625.832 1626.139 1626.365 1626.495 1626.605 1626.706 1626.805 1626.919 1627.05 1627.198 1627.361 1627.539 1627.735
1615.486 1615.786 1616.077 1616.361 1616.639 1616.911 1617.179 1617.443 1617.703 1617.958 1618.207 1618.438 1618.649 1618.837 1618.991 1619.128 1619.275 1619.427 1619.582 1619.733 1619.884 1619.986 1620 1620.041 1620.233 1620.396 1620.531 1620.642 1620.73 1620.798 1620.848 1620.881 1620.9 1620.907 1620.903 1620.894 1620.882 1620.875 1621.016 1621.273 1621.591 1621.943 1622.322 1622.71 1623.098 1623.486 1623.872 1624.257 1624.641 1625.023 1625.392 1625.712 1625.929 1626.072 1626.192 1626.297 1626.396 1626.509 1626.641 1626.79 1626.952 1627.127 1627.322
1615.252 1615.542 1615.822 1616.095 1616.365 1616.631 1616.894 1617.154 1617.412 1617.666 1617.916 1618.152 1618.37 1618.562 1618.718 1618.874 1619.039 1619.208 1619.38 1619.552 1619.728 1619.881 1619.989 1620 1620.041 1620.184 1620.306 1620.406 1620.484 1620.543 1620.583 1620.606 1620.614 1620.605 1620.581 1620.546 1620.502 1620.463 1620.551 1620.817 1621.147 1621.518 1621.903 1622.288 1622.673 1623.056 1623.438 1623.819 1624.198 1624.573 1624.942 1625.29 1625.514 1625.672 1625.796 1625.901 1625.995 1626.1 1626.226 1626.372 1626.528 1626.699 1626.893
1615.022 1615.31 1615.573 1615.833 1616.092 1616.35 1616.607 1616.865 1617.121 1617.375 1617.626 1617.871 1618.099 1618.293 1618.46 1618.635 1618.82 1619.008 1619.199 1619.391 1619.582 1619.76 1619.92 1620 1620 1620.039 1620.127 1620.208 1620.274 1620.323 1620.354 1620.369 1620.365 1620.343 1620.3 1620.234 1620.131 1620.056 1620.052 1620.344 1620.724 1621.105 1621.487 1621.869 1622.248 1622.626 1623.004 1623.382 1623.759 1624.134 1624.508 1624.902 1625.163 1625.318 1625.433 1625.529 1625.613 1625.696 1625.806 1625.94 1626.088 1626.255 1626.451
1614.793 1615.092 1615.335 1615.573 1615.818 1616.066 1616.32 1616.578 1616.834 1617.088 1617.34 1617.595 1617.836 1618.034 1618.219 1618.419 1618.621 1618.826 1619.034 1619.245 1619.45 1619.646 1619.83 1619.987 1620 1620 1620.019 1620.066 1620.112 1620.148 1620.17 1620.177 1620.167 1620.14 1620.094 1620.031 1619.99 1619.79 1619.669 1619.94 1620.317 1620.696 1621.073 1621.447 1621.82 1622.194 1622.568 1622.944 1623.32 1623.698 1624.082 1624.476 1624.902 1625.066 1625.133 1625.192 1625.252 1625.311 1625.376 1625.487 1625.629 1625.803 1625.988
1614.552 1614.89 1615.123 1615.314 1615.534 1615.776 1616.033 1616.293 1616.552 1616.809 1617.068 1617.325 1617.579 1617.792 1618 1618.211 1618.424 1618.64 1618.86 1619.081 1619.303 1619.523 1619.734 1619.933 1620 1620 1620 1620.001 1620.016 1620.033 1620.044 1620.046 1620.037 1620.019 1620.001 1620 1619.833 1619.525 1619.264 1619.542 1619.913 1620.288 1620.654 1621.021 1621.39 1621.759 1622.13 1622.503 1622.878 1623.254 1623.633 1624.015 1624.399 1624.681 1624.76 1624.797 1624.84 1624.89 1624.944 1625.004 1625.161 1625.32 1625.481
1614.325 1614.652 1614.943 1615.049 1615.214 1615.471 1615.741 1616.011 1616.283 1616.553 1616.82 1617.088 1617.35 1617.577 1617.792 1618.008 1618.224 1618.444 1618.669 1618.898 1619.131 1619.368 1619.609 1619.848 1620 1620 1620 1620 1620 1620 1620 1620 1620 1620 1619.997 1619.832 1619.535 1619.23 1619.133 1619.239 1619.525 1619.875 1620.235 1620.597 1620.961 1621.325 1621.691 1622.058 1622.427 1622.798 1623.169 1623.536 1623.874 1624.116 1624.214 1624.264 1624.322 1624.393 1624.478 1624.578 1624.701 1624.84 1624.977
1614.086 1614.396 1614.675 1614.867 1614.979 1615.199 1615.486 1615.771 1616.051 1616.33 1616.613 1616.881 1617.129 1617.359 1617.579 1617.798 1618.017 1618.238 1618.464 1618.696 1618.934 1619.181 1619.44 1619.71 1619.977 1620 1620 1620 1620 1620 1620 1620 1620 1620 1619.891 1619.533 1619.213 1619.04 1618.977 1619.017 1619.193 1619.477 1619.822 1620.176 1620.532 1620.89 1621.251 1621.613 1621.976 1622.337 1622.696 1623.046 1623.345 1623.566 1623.668 1623.741 1623.828 1623.928 1624.037 1624.154 1624.285 1624.428 1624.563
1613.859 1614.163 1614.441 1614.674 1614.854 1615.037 1615.293 1615.575 1615.855 1616.143 1616.417 1616.669 1616.909 1617.138 1617.359 1617.579 1617.799 1618.02 1618.242 1618.469 1618.703 1618.948 1619.204 1619.48 1619.786 1619.908 1619.882 1619.88 1619.899 1619.936 1619.986 1620 1620 1619.958 1619.515 1619.141 1618.889 1618.742 1618.679 1618.717 1618.865 1619.108 1619.416 1619.76 1620.109 1620.459 1620.813 1621.17 1621.525 1621.876 1622.222 1622.553 1622.829 1623.031 1623.143 1623.243 1623.355 1623.477 1623.607 1623.745 1623.893 1624.051 1624.206
1613.646 1613.948 1614.228 1614.476 1614.691 1614.884 1615.109 1615.385 1615.668 1615.956 1616.214 1616.455 1616.689 1616.913 1617.134 1617.353 1617.571 1617.785 1618 1618.219 1618.444 1618.676 1618.911 1619.148 1619.369 1619.477 1619.505 1619.535 1619.581 1619.645 1619.731 1619.822 1619.719 1619.406 1619.037 1618.719 1618.504 1618.376 1618.323 1618.376 1618.518 1618.739 1619.02 1619.347 1619.688 1620.031 1620.378 1620.729 1621.077 1621.418 1621.751 1622.065 1622.325 1622.51 1622.636 1622.76 1622.894 1623.038 1623.191 1623.349 1623.514 1623.687 1623.859
1613.449 1613.75 1614.03 1614.285 1614.514 1614.722 1614.938 1615.195 1615.485 1615.766 1616.01 1616.242 1616.468 1616.687 1616.904 1617.12 1617.33 1617.536 1617.742 1617.95 1618.161 1618.371 1618.576 1618.77 1618.937 1619.016 1619.025 1619.042 1619.074 1619.115 1619.148 1619.154 1619.062 1618.814 1618.518 1618.26 1618.078 1617.969 1617.937 1618.004 1618.148 1618.357 1618.624 1618.934 1619.269 1619.606 1619.946 1620.29 1620.632 1620.965 1621.287 1621.587 1621.831 1622.002 1622.139 1622.287 1622.444 1622.613 1622.786 1622.963 1623.144 1623.332 1623.518
1613.267 1613.566 1613.847 1614.106 1614.343 1614.561 1614.779 1615.002 1615.307 1615.578 1615.807 1616.028 1616.246 1616.459 1616.67 1616.878 1617.079 1617.276 1617.471 1617.666 1617.859 1618.044 1618.22 1618.377 1618.501 1618.552 1618.546 1618.54 1618.541 1618.544 1618.54 1618.509 1618.412 1618.22 1617.979 1617.77 1617.621 1617.536 1617.524 1617.606 1617.756 1617.962 1618.221 1618.523 1618.851 1619.184 1619.518 1619.855 1620.191 1620.518 1620.831 1621.121 1621.345 1621.495 1621.647 1621.824 1622.009 1622.202 1622.394 1622.587 1622.784 1622.984 1623.182
1613.1 1613.397 1613.676 1613.936 1614.177 1614.404 1614.633 1614.867 1615.14 1615.398 1615.609 1615.816 1616.023 1616.228 1616.433 1616.631 1616.821 1617.007 1617.19 1617.371 1617.543 1617.706 1617.854 1617.978 1618.062 1618.088 1618.068 1618.041 1618.013 1617.982 1617.945 1617.882 1617.774 1617.617 1617.422 1617.254 1617.14 1617.081 1617.089 1617.184 1617.344 1617.554 1617.812 1618.116 1618.444 1618.774 1619.105 1619.437 1619.766 1620.084 1620.388 1620.669 1620.865 1620.97 1621.157 1621.372 1621.591 1621.805 1622.014 1622.223 1622.437 1622.658 1622.877
1612.948 1613.24 1613.511 1613.767 1614.008 1614.245 1614.487 1614.736 1614.991 1615.232 1615.418 1615.606 1615.8 1615.996 1616.192 1616.379 1616.558 1616.732 1616.902 1617.067 1617.22 1617.359 1617.48 1617.572 1617.624 1617.625 1617.59 1617.545 1617.491 1617.432 1617.364 1617.271 1617.141 1616.997 1616.848 1616.72 1616.64 1616.611 1616.635 1616.744 1616.915 1617.135 1617.406 1617.72 1618.048 1618.378 1618.708 1619.037 1619.36 1619.674 1619.971 1620.245 1620.37 1620.416 1620.67 1620.948 1621.195 1621.427 1621.651 1621.885 1622.132 1622.379 1622.622
1612.803 1613.076 1613.334 1613.581 1613.82 1614.064 1614.318 1614.584 1614.859 1615.088 1615.237 1615.398 1615.578 1615.76 1615.947 1616.124 1616.292 1616.452 1616.608 1616.756 1616.891 1617.007 1617.101 1617.163 1617.187 1617.163 1617.114 1617.05 1616.975 1616.891 1616.795 1616.672 1616.507 1616.344 1616.241 1616.171 1616.128 1616.128 1616.168 1616.287 1616.47 1616.711 1617.008 1617.333 1617.665 1617.998 1618.331 1618.661 1618.981 1619.291 1619.588 1619.868 1619.973 1620 1620.249 1620.564 1620.829 1621.072 1621.325 1621.596 1621.871 1622.144 1622.41
