example/dempm/DebrisFlow/dc7_dem_1411slide.txt
ncols         231
nrows         261
xllcorner     618049.313
yllcorner     3996199.5
cellsize      1
NODATA_value  -9999
[rows 196 to 223 of 261, columns 0 to 62 of 231]
1600.179 1599.754 1599.875 1599.933 1599.827 1599.78 1599.813 1599.815 1599.871 1599.964 1599.786 1600.442 1601.085 1601.098 1600.766 1600.903 1601.166 1601.066 1601.214 1600.72 1601.055 1601.267 1601.481 1601.443 1601.519 1601.458 1601.754 1601.639 1601.658 1601.563 1601.455 1601.643 1601.843 1601.863 1602.33 1603.006 1603.55 1604.105 1604.375 1604.728 1605.022 1605.325 1605.529 1605.329 1604.91 1604.424 1604.212 1604.758 1605.463 1605.754 1605.809 1605.958 1606.568 1607.044 1607.53 1608.063 1608.374 1608.649 1608.813 1608.822 1608.953 1609.12 1609.182
1600.131 1599.752 1599.766 1599.889 1599.706 1599.813 1600.139 1599.804 1599.849 1599.801 1599.82 1600.012 1600.432 1600.865 1601.053 1600.859 1601.033 1600.882 1600.075 1601.142 1600.417 1600.832 1601.407 1601.744 1601.571 1601.616 1601.661 1601.766 1601.813 1601.704 1601.609 1601.55 1601.68 1601.691 1602.297 1603.021 1603.511 1603.793 1604.139 1604.774 1604.747 1605.332 1605.604 1605.309 1605.011 1604.454 1604.19 1604.402 1605.226 1605.418 1605.766 1605.782 1606.093 1606.381 1607.044 1607.865 1608.271 1608.285 1608.344 1608.498 1608.638 1608.826 1609.212
1600.083 1599.83 1599.957 1599.784 1599.717 1599.775 1599.813 1599.799 1599.767 1599.748 1599.727 1599.891 1600.14 1600.859 1601.094 1601.047 1601.076 1600.468 1600.99 1600.752 1600.136 1600.497 1601.173 1601.62 1601.597 1601.689 1601.771 1601.525 1601.535 1601.738 1601.776 1601.706 1601.75 1601.706 1602.053 1602.859 1603.383 1604.189 1604.347 1604.756 1604.732 1604.962 1605.525 1605.313 1605.169 1604.832 1604.259 1604.134 1604.977 1605.366 1605.738 1605.709 1605.763 1606.548 1607.192 1607.643 1608.592 1608.077 1608.079 1608.19 1608.344 1608.686 1609.091
1600.035 1599.63 1599.864 1599.867 1599.901 1599.628 1599.883 1599.858 1599.841 1599.836 1599.754 1599.821 1599.944 1600.249 1600.966 1600.9 1601.025 1600.89 1600.59 1601.132 1600.72 1601.052 1601.056 1601.4 1601.719 1601.575 1601.51 1601.438 1601.574 1601.624 1601.609 1601.742 1601.685 1601.77 1601.977 1602.496 1603.098 1603.756 1604.265 1604.557 1604.663 1605.106 1605.32 1605.231 1605.146 1604.672 1604.238 1603.999 1604.611 1604.909 1605.502 1605.81 1605.796 1606.846 1607.11 1607.715 1607.884 1607.767 1607.835 1607.947 1608.139 1608.486 1608.237
1599.986 1599.5 1599.727 1599.884 1599.734 1599.837 1599.826 1599.882 1599.849 1599.69 1599.859 1599.847 1599.91 1600.025 1600.868 1600.943 1600.965 1600.923 1600.919 1600.923 1601.044 1600.824 1600.65 1601.172 1601.729 1601.497 1601.446 1601.626 1601.612 1601.593 1601.769 1601.608 1601.693 1601.784 1601.814 1602.269 1602.989 1603.238 1603.909 1604.172 1604.479 1605.109 1605.229 1605.203 1604.975 1604.786 1604.371 1604.184 1604.235 1604.748 1605.297 1605.798 1605.635 1605.938 1606.374 1607.186 1607.39 1607.486 1607.757 1607.76 1608.282 1608.204 1608.38
1599.938 1599.601 1599.789 1599.813 1599.722 1599.832 1600.067 1599.918 1599.813 1599.747 1599.821 1599.855 1599.964 1600.112 1600.309 1601 1600.993 1600.885 1601.151 1601.172 1601.082 1600.894 1600.946 1601.013 1601.633 1601.623 1601.48 1601.519 1601.49 1601.572 1601.727 1601.571 1601.624 1601.792 1601.824 1602.133 1602.591 1602.944 1603.54 1603.804 1604.375 1604.69 1604.958 1604.986 1604.798 1604.819 1604.363 1604.407 1604.485 1604.527 1605.089 1605.586 1605.494 1605.506 1605.677 1606.782 1607.16 1607.056 1607.492 1607.723 1607.755 1608.158 1607.475
1599.89 1599.691 1599.702 1599.705 1599.537 1599.728 1599.683 1599.786 1599.792 1599.95 1599.794 1599.78 1599.899 1600.025 1599.945 1600.768 1601.436 1601.16 1601.076 1600.842 1601.041 1601.176 1601.17 1601.065 1601.328 1601.642 1601.446 1601.449 1601.44 1601.521 1601.67 1601.713 1601.688 1601.845 1601.802 1602.028 1602.248 1602.767 1603.346 1603.623 1604.128 1604.319 1604.743 1604.901 1604.947 1605.139 1604.429 1604.297 1604.18 1604.501 1605.163 1605.419 1605.447 1605.508 1605.368 1605.806 1606.723 1606.895 1607.218 1607.42 1607.597 1608.282 1607.672
1599.841 1599.754 1599.718 1599.779 1599.82 1599.711 1599.661 1599.715 1599.841 1599.959 1599.732 1599.868 1599.822 1599.908 1599.757 1600.375 1601.385 1601.194 1601.409 1600.938 1601.2 1601.166 1601.148 1601.169 1601.221 1601.372 1601.557 1601.501 1601.615 1601.724 1601.843 1601.618 1601.703 1601.688 1601.777 1601.865 1602.289 1602.621 1603.071 1603.497 1603.824 1604.313 1604.62 1604.691 1604.943 1604.727 1604.449 1604.249 1604.088 1604.288 1605.081 1605.546 1605.351 1605.315 1605.305 1605.483 1605.807 1606.351 1607.099 1607.311 1607.447 1607.61 1607.617
1599.793 1599.557 1599.722 1599.538 1599.716 1599.827 1599.774 1599.789 1599.864 1599.936 1599.861 1599.907 1599.83 1599.775 1599.813 1600.083 1600.763 1601.291 1601.338 1600.63 1601.013 1600.885 1601.07 1600.639 1601.11 1601.434 1601.539 1601.379 1601.712 1601.802 1601.612 1601.683 1601.711 1601.697 1601.754 1601.769 1602.266 1602.681 1603.075 1603.29 1603.558 1603.748 1603.876 1604.274 1604.932 1605.085 1604.473 1604.229 1603.92 1603.922 1604.564 1605.259 1605.327 1605.247 1605.299 1605.31 1605.57 1605.62 1605.974 1606.772 1607.226 1607.45 1607.495
1599.745 1599.617 1599.786 1599.759 1599.747 1599.72 1599.713 1599.754 1599.788 1599.673 1599.706 1599.706 1600.043 1599.837 1600.092 1599.873 1600.575 1601.043 1601.392 1601.209 1601.274 1600.823 1601.093 1601.027 1600.919 1601.125 1601.698 1601.516 1601.599 1601.552 1601.503 1601.628 1601.674 1601.79 1601.702 1602.092 1602.183 1602.723 1603.035 1602.964 1603.124 1603.335 1603.835 1604.461 1605.045 1605.082 1604.821 1604.695 1604.221 1603.931 1604.265 1605.014 1605.282 1605.32 1605.297 1605.348 1605.396 1605.53 1605.665 1605.984 1605.988 1607.111 1607.208
1599.697 1599.681 1599.702 1599.736 1599.781 1599.637 1599.577 1599.754 1599.795 1599.764 1599.786 1599.858 1599.913 1599.904 1599.758 1599.926 1600.313 1600.907 1601.215 1601.273 1601.221 1600.99 1601.064 1601.49 1601.105 1600.941 1601.291 1601.607 1601.699 1601.556 1601.635 1601.654 1601.674 1601.977 1601.865 1602.033 1602.29 1602.709 1602.673 1602.899 1603.06 1603.383 1603.814 1604.406 1605.067 1604.971 1604.955 1605.02 1604.596 1604.238 1604.169 1604.851 1605.238 1605.313 1605.565 1605.363 1605.479 1605.501 1605.522 1605.603 1605.764 1606.003 1606.93
1599.648 1599.507 1599.708 1599.49 1599.665 1599.745 1599.719 1599.617 1599.779 1599.678 1599.657 1599.797 1599.705 1599.841 1599.832 1599.975 1600.517 1600.98 1601.018 1601.137 1601.188 1601.105 1601.108 1601.03 1601.078 1600.842 1601.056 1601.594 1601.513 1601.654 1601.57 1601.627 1601.898 1601.909 1602.285 1602.298 1602.272 1602.49 1602.618 1603.065 1603.263 1603.515 1603.844 1604.359 1604.877 1605.134 1605.177 1605.172 1604.835 1604.242 1604.178 1604.43 1605.144 1605.213 1605.519 1605.331 1605.42 1605.48 1605.654 1605.554 1605.595 1605.751 1606.163
1599.607 1599.286 1599.345 1599.593 1599.578 1599.638 1599.596 1599.756 1599.763 1599.708 1599.75 1599.656 1599.726 1599.788 1599.937 1599.955 1600.497 1600.68 1601.171 1601.254 1601.219 1601.236 1601.095 1601.133 1600.617 1600.324 1600.859 1601.375 1601.538 1601.573 1601.349 1601.661 1602.039 1602.033 1602.014 1602.248 1602.419 1602.443 1602.727 1602.941 1602.964 1603.287 1603.712 1604.051 1604.439 1605.053 1605.565 1605.466 1605.097 1604.689 1603.947 1603.901 1604.445 1605.115 1605.445 1605.582 1605.6 1605.557 1605.478 1605.592 1605.514 1605.614 1605.93
1599.587 1599.239 1599.309 1599.521 1599.433 1599.585 1599.484 1599.35 1599.535 1599.748 1599.721 1599.691 1599.821 1599.628 1599.784 1600.094 1600.509 1600.689 1601.066 1601.157 1601.146 1601.011 1601.171 1601.116 1600.52 1600.47 1600.775 1601.215 1601.896 1601.68 1601.521 1601.736 1601.809 1601.918 1601.878 1602.271 1601.894 1601.84 1602.198 1602.105 1602.16 1602.793 1603.573 1603.747 1604.155 1604.829 1605.307 1605.409 1605.277 1604.666 1604.213 1604.008 1604.042 1604.69 1605.338 1605.27 1605.469 1605.491 1605.415 1605.453 1605.503 1605.546 1605.833
1599.566 1599.235 1598.97 1598.993 1599.524 1599.292 1599.318 1599.377 1599.6 1599.713 1599.759 1599.9 1599.692 1599.803 1599.831 1600.236 1600.464 1600.675 1600.856 1601.096 1601.109 1601.147 1601.151 1601.067 1600.885 1601.14 1601.293 1601.214 1601.65 1601.795 1601.69 1601.732 1601.622 1601.867 1601.656 1601.646 1601.701 1601.584 1601.712 1601.849 1601.709 1602.04 1602.778 1603.87 1603.921 1604.543 1605.118 1605.382 1605.359 1605.182 1604.549 1604.172 1604.159 1604.335 1604.773 1605.215 1605.485 1605.364 1605.228 1605.372 1605.336 1605.69 1605.578
1599.546 1599.221 1599.092 1598.948 1599.002 1599.035 1599.313 1599.328 1599.364 1599.529 1599.593 1599.496 1599.78 1599.727 1600.04 1600.247 1600.577 1600.54 1600.858 1601.216 1601.012 1600.901 1601.068 1600.862 1600.849 1601.27 1601.798 1601.485 1601.629 1601.781 1601.686 1601.531 1601.722 1601.417 1601.537 1601.784 1601.775 1601.878 1601.716 1601.478 1601.572 1601.839 1602.234 1603.787 1603.954 1604.281 1604.891 1605.387 1605.514 1605.547 1605.033 1604.618 1604.365 1604.4 1604.14 1604.857 1605.201 1605.307 1605.368 1605.3 1605.267 1605.303 1605.424
1599.526 1598.928 1599.234 1599.002 1598.93 1599.259 1599.073 1599.295 1599.295 1599.288 1600.013 1599.759 1599.693 1599.847 1600.011 1600.346 1600.51 1600.729 1600.933 1600.856 1601.076 1601.115 1601.095 1600.775 1601.071 1601.08 1601.787 1601.466 1601.872 1601.717 1601.595 1601.76 1601.696 1601.639 1601.672 1601.678 1601.836 1602.231 1601.739 1601.663 1601.574 1601.612 1601.851 1602.965 1603.999 1604.048 1604.457 1605.136 1605.443 1605.277 1605.283 1604.972 1604.519 1604.062 1603.957 1604.341 1604.892 1605.09 1605.259 1605.287 1605.312 1605.263 1605.303
1599.505 1599.162 1599.417 1599.465 1599.121 1599.079 1599.397 1599.191 1599.171 1599.288 1599.471 1599.486 1599.724 1599.929 1600.093 1600.455 1600.17 1600.717 1600.426 1600.837 1601.223 1600.963 1601.09 1600.987 1600.997 1601.245 1601.408 1601.732 1601.715 1601.657 1601.533 1601.446 1601.759 1601.829 1601.936 1602.191 1601.964 1602.431 1601.907 1601.211 1601.702 1601.513 1601.518 1602.172 1603.641 1604.046 1604.11 1604.606 1605.191 1605.461 1605.243 1605.206 1605.222 1604.573 1604.292 1604.217 1604.287 1604.633 1605.023 1605.444 1605.399 1605.046 1605.312
1599.485 1599.363 1599.188 1599.448 1599.47 1599.251 1599.266 1599.156 1598.979 1599.213 1599.447 1599.95 1599.797 1599.858 1600.011 1600.199 1600.461 1600.335 1600.445 1600.7 1601.039 1601.106 1601.222 1601.212 1601.166 1601.683 1601.293 1601.424 1601.647 1601.492 1601.659 1601.698 1602.112 1601.64 1601.654 1601.78 1601.887 1601.63 1601.714 1601.793 1601.444 1601.573 1601.524 1601.667 1602.556 1603.759 1604.187 1604.326 1604.724 1605.152 1605.26 1605.188 1605.243 1605.035 1604.77 1604.529 1603.942 1604.131 1604.542 1604.715 1604.958 1604.964 1605.218
1599.465 1599.189 1599.577 1599.355 1599.27 1599.582 1599.84 1599.226 1599.455 1599.269 1599.438 1599.967 1600.14 1599.875 1599.944 1600.153 1600.261 1600.335 1600.37 1600.559 1601.034 1601.014 1601.134 1601.104 1601.527 1601.518 1601.132 1601.316 1601.17 1601.471 1601.615 1601.878 1601.994 1601.552 1601.862 1602.079 1602.322 1601.883 1601.749 1601.827 1601.531 1601.381 1601.514 1601.33 1601.853 1602.806 1603.989 1604.117 1604.381 1604.685 1605.184 1605.111 1605.06 1605.193 1605.211 1604.845 1604.221 1604.379 1604.189 1604.012 1604.448 1604.73 1604.875
1599.445 1599.105 1599.085 1599.177 1599.142 1599.268 1599.755 1598.973 1599.035 1599.259 1599.829 1599.92 1599.915 1599.804 1599.964 1600.052 1600.203 1600.611 1600.693 1600.716 1600.747 1600.733 1600.995 1601.086 1601.915 1601.578 1601.505 1601.395 1601.393 1601.577 1601.673 1601.763 1601.539 1601.621 1601.462 1601.348 1602.141 1601.809 1601.747 1601.69 1601.534 1601.526 1601.525 1601.607 1601.558 1601.845 1603.151 1603.909 1604.244 1604.408 1604.835 1605.239 1605.114 1605.27 1605.482 1605.218 1604.718 1604.476 1604.447 1604.144 1604.21 1604.117 1604.208
1599.424 1598.914 1598.933 1598.982 1599.023 1599.204 1599.044 1599.396 1599.318 1599.495 1599.922 1599.35 1599.68 1599.907 1599.976 1600.088 1600.499 1600.513 1600.543 1600.706 1600.637 1600.54 1600.813 1601.17 1601.671 1601.555 1601.611 1601.517 1601.673 1601.589 1601.565 1601.954 1601.47 1601.685 1601.968 1601.697 1602.171 1601.562 1601.756 1601.643 1601.45 1601.493 1601.5 1601.574 1601.5 1601.494 1601.722 1602.628 1603.555 1604.464 1604.455 1604.834 1604.943 1605.278 1605.491 1605.205 1605.184 1605.16 1605.214 1604.576 1604.434 1604.182 1604.305
1599.404 1599.028 1598.93 1599.108 1599.013 1599.064 1599.123 1599.056 1599.139 1599.382 1599.408 1599.321 1599.47 1599.76 1599.977 1600.091 1600.552 1600.678 1600.524 1600.469 1600.571 1600.563 1600.645 1600.678 1601.443 1601.759 1601.58 1601.7 1601.921 1601.559 1601.904 1601.575 1601.589 1601.53 1601.727 1602.015 1602.121 1602.108 1601.714 1601.636 1601.323 1601.538 1601.593 1601.559 1601.492 1601.557 1601.545 1601.722 1602.962 1603.652 1603.599 1604.415 1605.091 1605.024 1605.189 1605.213 1605.261 1605.163 1605.2 1604.954 1604.841 1605.097 1604.508
1599.384 1599.051 1599.062 1598.992 1599.138 1599.138 1599.179 1599.074 1599.014 1599.188 1599.271 1599.278 1599.306 1599.411 1599.714 1600.078 1600.516 1600.7 1600.604 1600.559 1600.857 1600.516 1601.004 1600.797 1601.149 1601.626 1601.854 1601.823 1601.616 1601.552 1601.463 1601.609 1601.826 1601.65 1601.583 1601.529 1601.704 1601.553 1601.618 1601.718 1601.755 1601.621 1601.606 1601.617 1601.37 1601.658 1601.416 1601.518 1601.592 1602.049 1602.924 1603.406 1604.347 1603.811 1604.633 1604.9 1605.193 1605.243 1605.176 1605.312 1605.293 1605.193 1605.112
1599.363 1599.033 1598.989 1599.033 1599.103 1599.117 1598.975 1598.979 1599.075 1599.259 1599.254 1599.065 1598.996 1599.28 1599.763 1599.9 1600.427 1600.398 1600.447 1600.699 1600.71 1600.437 1600.527 1600.988 1601.276 1601.191 1601.653 1601.811 1601.729 1601.646 1601.642 1601.677 1601.781 1601.795 1601.754 1601.612 1601.581 1601.602 1601.656 1601.624 1601.745 1601.723 1601.658 1601.707 1601.517 1601.727 1601.487 1601.567 1601.385 1601.61 1601.747 1602.005 1602.403 1603.183 1603.675 1604.2 1604.601 1605.097 1605.146 1605.101 1605.206 1605.209 1605.295
1599.343 1598.984 1598.957 1598.98 1599.028 1598.887 1599.009 1598.984 1599.063 1599.284 1599.239 1599.058 1598.924 1599.059 1599.252 1599.95 1600.419 1600.429 1600.419 1600.344 1600.824 1600.298 1600.626 1601.946 1600.761 1600.974 1601.423 1602.096 1601.805 1601.745 1601.892 1601.451 1601.865 1601.756 1601.722 1601.831 1601.638 1601.684 1601.753 1601.738 1601.715 1601.548 1601.813 1602.028 1601.399 1601.813 1601.446 1601.593 1601.832 1601.44 1601.558 1601.585 1601.783 1602.271 1602.504 1603.08 1603.81 1604.248 1604.684 1604.867 1604.991 1605.482 1605.494
1599.323 1598.995 1598.999 1599.053 1599.07 1599.004 1599.084 1599.006 1599.127 1599.245 1599.164 1598.971 1598.918 1598.896 1599.049 1599.741 1600.502 1600.494 1600.441 1600.686 1601.265 1601.133 1601.084 1600.807 1600.399 1600.619 1601.094 1601.625 1601.769 1601.514 1601.705 1601.548 1601.944 1601.872 1601.489 1601.495 1601.536 1601.521 1601.689 1601.806 1601.783 1601.629 1601.733 1601.79 1601.844 1601.787 1601.591 1601.592 1601.395 1601.412 1601.421 1601.736 1601.596 1601.812 1601.917 1602.213 1602.356 1603.163 1604.226 1604.334 1604.508 1604.918 1605.281
1599.302 1599.353 1598.954 1598.958 1598.979 1599.015 1598.933 1599.064 1599.263 1599.075 1599.021 1598.967 1598.882 1598.874 1598.942 1599.634 1600.654 1600.538 1600.509 1601.057 1600.658 1600.516 1600.384 1600.881 1600.672 1600.469 1600.812 1601.353 1601.463 1601.495 1601.452 1601.554 1601.578 1601.688 1601.704 1601.793 1601.669 1601.599 1601.608 1601.807 1601.914 1601.821 1601.589 1601.782 1601.976 1601.85 1601.682 1601.636 1601.4 1601.604 1601.663 1601.613 1601.69 1601.618 1601.739 1601.794 1601.959 1602.168 1603.5 1604.093 1604.16 1604.383 1604.868
