example/dempm/DebrisFlow/dc7_dem_1411slide.txt
ncols         231
nrows         261
xllcorner     618049.313
yllcorner     3996199.5
cellsize      1
NODATA_value  -9999
[rows 84 to 111 of 261, columns 63 to 125 of 231]
1650.067 1650.64 1650.642 1650.462 1650.395 1650.575 1651.015 1651.383 1652.391 1653.47 1654.076 1654.748 1654.433 1654.11 1654.197 1654.002 1654.398 1654.664 1654.351 1654.017 1653.871 1653.751 1653.562 1653.411 1653.274 1653.157 1653.057 1652.985 1652.951 1652.937 1652.914 1652.952 1653.03 1653.138 1653.271 1653.435 1653.627 1653.845 1654.097 1654.396 1654.742 1655.104 1655.407 1655.721 1656.145 1656.641 1657.062 1657.2 1657.44 1657.809 1658.313 1658.815 1659.358 1659.978 1660.689 1661.303 1661.823 1662.334 1662.96 1663.656 1664.353 1665.105 1665.768
1649.717 1649.253 1649.484 1649.478 1649.703 1650.078 1650.473 1650.99 1651.747 1652.573 1652.874 1653.545 1653.36 1653.418 1653.388 1653.5 1653.873 1653.942 1653.785 1653.383 1652.964 1653.066 1652.886 1652.733 1652.586 1652.454 1652.342 1652.26 1652.224 1652.222 1652.234 1652.319 1652.435 1652.572 1652.733 1652.921 1653.13 1653.361 1653.62 1653.913 1654.233 1654.564 1654.862 1655.175 1655.866 1656.433 1656.591 1656.584 1656.751 1657.186 1657.689 1658.189 1658.69 1659.286 1659.935 1660.554 1661.131 1661.7 1662.355 1663.097 1663.972 1664.703 1665.372
1648.807 1648.452 1648.599 1648.734 1649.087 1649.377 1649.882 1650.25 1650.862 1651.622 1652.438 1652.735 1652.471 1652.433 1652.372 1652.751 1652.881 1652.915 1653.031 1652.412 1652.382 1652.339 1652.197 1652.044 1651.889 1651.743 1651.615 1651.519 1651.485 1651.492 1651.574 1651.698 1651.845 1652.008 1652.193 1652.399 1652.621 1652.861 1653.123 1653.41 1653.719 1654.041 1654.356 1654.708 1655.184 1655.981 1655.853 1655.865 1656.063 1656.58 1657.063 1657.567 1658.067 1658.632 1659.237 1659.841 1660.467 1661.098 1661.918 1662.792 1663.621 1664.302 1664.974
1647.597 1647.647 1647.811 1648.026 1648.341 1648.776 1649.167 1649.478 1650.099 1651.129 1651.905 1651.957 1651.856 1651.384 1651.527 1651.812 1652.086 1652.027 1651.828 1651.949 1651.725 1651.621 1651.508 1651.364 1651.2 1651.027 1650.867 1650.751 1650.731 1650.752 1650.909 1651.082 1651.26 1651.447 1651.651 1651.871 1652.104 1652.351 1652.615 1652.9 1653.205 1653.523 1653.85 1654.21 1654.61 1654.983 1655.042 1655.117 1655.534 1656.02 1656.502 1656.997 1657.545 1658.103 1658.704 1659.324 1659.946 1660.74 1661.614 1662.475 1663.221 1663.88 1664.537
1646.784 1646.892 1647.079 1647.529 1647.707 1648.212 1648.57 1649.077 1649.913 1650.857 1651.4 1651.145 1651.032 1650.94 1650.94 1650.894 1651.454 1651.232 1651.205 1651.189 1651.046 1650.9 1650.798 1650.691 1650.542 1650.34 1650.09 1649.989 1649.97 1650.049 1650.204 1650.439 1650.673 1650.886 1651.106 1651.341 1651.583 1651.835 1652.1 1652.382 1652.683 1653.001 1653.337 1653.696 1654.047 1654.366 1654.599 1654.8 1655 1655.491 1656.014 1656.536 1657.053 1657.597 1658.191 1658.808 1659.53 1660.38 1661.227 1662.065 1662.776 1663.437 1664.092
1646 1646.135 1646.488 1646.838 1647.09 1647.567 1647.944 1648.666 1649.398 1650.365 1650.407 1650.015 1650.133 1650.111 1650.237 1650.374 1650.505 1650.469 1650.552 1650.506 1650.375 1650.201 1650.039 1650.007 1649.909 1649.719 1649.579 1649.506 1649.498 1649.547 1649.658 1649.831 1650.078 1650.331 1650.563 1650.813 1651.065 1651.32 1651.578 1651.852 1652.151 1652.471 1652.815 1653.161 1653.5 1653.824 1654.114 1654.393 1654.679 1655.037 1655.555 1656.071 1656.571 1657.097 1657.712 1658.326 1659.043 1659.921 1660.772 1661.614 1662.328 1662.992 1663.62
1645.038 1645.376 1645.688 1646.1 1646.643 1647.141 1647.579 1648.396 1648.913 1649.169 1649.444 1649.255 1649.385 1649.54 1649.551 1649.577 1649.742 1649.99 1650.028 1649.909 1649.728 1649.554 1649.418 1649.305 1649.201 1649.088 1648.995 1648.958 1648.977 1649.051 1649.175 1649.352 1649.573 1649.818 1650.042 1650.296 1650.556 1650.803 1651.047 1651.307 1651.606 1651.938 1652.287 1652.635 1652.979 1653.311 1653.63 1653.951 1654.283 1654.646 1655.096 1655.604 1656.124 1656.675 1657.265 1657.859 1658.557 1659.472 1660.35 1661.148 1661.87 1662.523 1663.121
1644.44 1644.795 1645.193 1645.596 1645.817 1646.439 1647.047 1647.624 1647.892 1648.415 1648.393 1648.462 1648.565 1648.747 1648.876 1648.931 1649.245 1649.328 1649.303 1649.211 1649.071 1648.921 1648.768 1648.633 1648.525 1648.44 1648.389 1648.383 1648.432 1648.532 1648.674 1648.857 1649.081 1649.323 1649.571 1649.815 1650.079 1650.293 1650.503 1650.737 1651.047 1651.405 1651.766 1652.12 1652.47 1652.812 1653.153 1653.5 1653.861 1654.248 1654.686 1655.165 1655.687 1656.245 1656.821 1657.399 1658.093 1659.05 1659.945 1660.66 1661.323 1661.969 1662.519
1643.921 1644.348 1644.614 1644.849 1645.434 1646.143 1646.318 1646.789 1647.279 1647.418 1647.655 1647.677 1647.806 1647.976 1648.348 1648.374 1648.622 1648.631 1648.602 1648.519 1648.399 1648.263 1648.112 1647.971 1647.861 1647.79 1647.768 1647.793 1647.874 1647.999 1648.162 1648.36 1648.591 1648.838 1649.094 1649.348 1649.599 1649.825 1649.952 1650.131 1650.481 1650.881 1651.259 1651.618 1651.969 1652.322 1652.678 1653.044 1653.423 1653.826 1654.268 1654.729 1655.231 1655.8 1656.362 1656.928 1657.64 1658.482 1659.307 1660.088 1660.759 1661.404 1661.887
1643.261 1643.81 1644.025 1644.385 1645.253 1645.277 1645.727 1646.003 1646.425 1646.455 1646.799 1647.083 1647.276 1647.414 1647.521 1647.833 1647.92 1647.939 1647.915 1647.842 1647.734 1647.603 1647.451 1647.306 1647.196 1647.135 1647.137 1647.195 1647.307 1647.459 1647.645 1647.859 1648.1 1648.354 1648.612 1648.864 1649.11 1649.351 1649.561 1649.751 1649.989 1650.405 1650.776 1651.123 1651.474 1651.834 1652.203 1652.581 1652.972 1653.386 1653.826 1654.276 1654.743 1655.258 1655.82 1656.389 1657.047 1657.838 1658.678 1659.491 1660.129 1660.726 1661.075
1642.668 1642.922 1643.343 1643.983 1644.303 1644.738 1644.612 1645.376 1645.716 1645.784 1646.022 1646.383 1646.547 1646.696 1647.067 1647.171 1647.239 1647.26 1647.244 1647.18 1647.08 1646.951 1646.795 1646.632 1646.518 1646.473 1646.5 1646.589 1646.735 1646.917 1647.127 1647.36 1647.612 1647.871 1648.13 1648.384 1648.635 1648.886 1649.132 1649.375 1649.651 1650.01 1650.31 1650.629 1650.979 1651.348 1651.727 1652.114 1652.514 1652.931 1653.362 1653.805 1654.264 1654.744 1655.253 1655.891 1656.541 1657.281 1658.105 1658.879 1659.408 1659.915 1660.266
1642.025 1642.098 1642.835 1643.426 1643.632 1643.742 1644.145 1644.957 1645.236 1645.047 1645.334 1645.598 1645.831 1646.192 1646.44 1646.513 1646.575 1646.595 1646.594 1646.548 1646.453 1646.318 1646.156 1645.946 1645.809 1645.807 1645.859 1645.975 1646.161 1646.379 1646.616 1646.867 1647.126 1647.389 1647.65 1647.909 1648.166 1648.427 1648.693 1648.964 1649.263 1649.612 1649.89 1650.124 1650.475 1650.862 1651.254 1651.647 1652.049 1652.459 1652.88 1653.317 1653.772 1654.258 1654.786 1655.407 1656.056 1656.774 1657.554 1658.213 1658.701 1659.135 1659.485
1641.258 1641.42 1641.999 1642.539 1642.882 1643.015 1643.848 1644.241 1644.166 1644.311 1644.825 1644.965 1645.263 1645.582 1645.766 1645.845 1645.923 1645.952 1645.974 1645.953 1645.87 1645.729 1645.552 1645.291 1645.041 1645.134 1645.218 1645.342 1645.595 1645.865 1646.125 1646.381 1646.643 1646.907 1647.172 1647.434 1647.699 1647.97 1648.247 1648.533 1648.829 1649.14 1649.422 1649.695 1649.999 1650.394 1650.792 1651.181 1651.569 1651.966 1652.377 1652.806 1653.269 1653.774 1654.326 1654.93 1655.573 1656.251 1656.982 1657.546 1658.008 1658.393 1658.719
1640.71 1640.679 1640.803 1641.188 1641.691 1642.609 1643.303 1643.632 1643.442 1643.799 1644.131 1644.15 1644.786 1644.94 1645.067 1645.171 1645.277 1645.34 1645.397 1645.403 1645.345 1645.21 1644.998 1644.79 1644.673 1644.654 1644.709 1644.839 1645.104 1645.398 1645.653 1645.901 1646.159 1646.424 1646.691 1646.958 1647.231 1647.511 1647.798 1648.089 1648.387 1648.69 1648.983 1649.286 1649.607 1649.949 1650.335 1650.705 1651.072 1651.45 1651.847 1652.279 1652.759 1653.292 1653.869 1654.477 1655.093 1655.742 1656.361 1656.823 1657.239 1657.639 1657.977
1640.036 1640.41 1640.2 1640.602 1641.277 1642.386 1643.051 1642.811 1642.733 1643.04 1643.418 1643.669 1643.949 1644.159 1644.335 1644.486 1644.637 1644.822 1644.972 1645.017 1645.002 1644.99 1644.582 1644.324 1644.202 1644.186 1644.254 1644.401 1644.641 1644.968 1645.199 1645.421 1645.667 1645.932 1646.204 1646.478 1646.758 1647.045 1647.343 1647.64 1647.925 1648.218 1648.525 1648.845 1649.182 1649.536 1649.907 1650.223 1650.55 1650.901 1651.289 1651.733 1652.249 1652.822 1653.436 1654.07 1654.693 1655.314 1655.751 1655.874 1656.319 1656.939 1657.271
1639.431 1639.51 1639.525 1640.077 1641.078 1642.079 1642.364 1641.862 1642.205 1642.655 1642.856 1643.004 1643.254 1643.465 1643.648 1643.834 1644.023 1644.224 1644.457 1644.729 1645 1644.522 1644.02 1643.756 1643.652 1643.659 1643.747 1643.905 1644.131 1644.417 1644.683 1644.919 1645.148 1645.431 1645.716 1645.995 1646.273 1646.558 1646.853 1647.138 1647.426 1647.733 1648.051 1648.378 1648.716 1649.06 1649.407 1649.742 1649.997 1650.311 1650.699 1651.173 1651.751 1652.363 1652.99 1653.64 1654.332 1655.025 1655.071 1655 1655.438 1656.066 1656.556
1638.969 1638.928 1638.87 1639.54 1640.402 1641.749 1641.618 1641.03 1641.522 1641.802 1642.084 1642.348 1642.588 1642.797 1642.993 1643.185 1643.382 1643.584 1643.787 1643.976 1644.094 1643.796 1643.348 1643.111 1643.045 1643.086 1643.199 1643.372 1643.599 1643.873 1644.146 1644.406 1644.669 1644.97 1645.254 1645.503 1645.75 1645.996 1646.256 1646.593 1646.916 1647.239 1647.564 1647.89 1648.217 1648.55 1648.889 1649.23 1649.547 1649.844 1650.082 1650.62 1651.272 1651.882 1652.49 1653.113 1653.754 1654.254 1654.419 1654.59 1654.824 1655.209 1655.843
1638.334 1638.442 1638.562 1639.02 1639.654 1640.746 1640.94 1640.467 1641.006 1641.157 1641.469 1641.718 1641.943 1642.146 1642.343 1642.54 1642.739 1642.928 1643.083 1643.195 1643.223 1643.003 1642.601 1642.404 1642.392 1642.479 1642.626 1642.821 1643.063 1643.346 1643.628 1643.906 1644.193 1644.484 1644.765 1644.952 1645.123 1645.36 1645.672 1646.045 1646.402 1646.739 1647.065 1647.386 1647.708 1648.046 1648.402 1648.774 1649.149 1649.522 1649.872 1650.219 1650.828 1651.405 1651.962 1652.514 1653.027 1653.402 1653.673 1653.964 1654.298 1654.685 1655.214
1638.17 1637.808 1638.273 1638.704 1638.88 1639.58 1639.73 1639.695 1640.292 1640.636 1640.887 1641.106 1641.312 1641.505 1641.7 1641.902 1642.099 1642.269 1642.386 1642.443 1642.409 1642.2 1641.798 1641.636 1641.7 1641.85 1642.041 1642.267 1642.537 1642.831 1643.124 1643.415 1643.699 1643.972 1644.233 1644.459 1644.646 1644.835 1645.092 1645.491 1645.888 1646.236 1646.561 1646.874 1647.196 1647.551 1647.933 1648.343 1648.775 1649.222 1649.666 1650.029 1650.477 1650.948 1651.407 1651.852 1652.251 1652.606 1652.955 1653.329 1653.725 1654.153 1654.628
1637.372 1637.2 1637.921 1637.962 1638.24 1638.732 1638.852 1639.184 1639.833 1640.142 1640.341 1640.513 1640.69 1640.868 1641.063 1641.274 1641.469 1641.627 1641.717 1641.73 1641.644 1641.396 1640.965 1640.79 1640.985 1641.22 1641.463 1641.727 1642.023 1642.325 1642.628 1642.921 1643.205 1643.479 1643.739 1643.982 1644.207 1644.431 1644.674 1644.96 1645.385 1645.739 1646.055 1646.355 1646.68 1647.055 1647.471 1647.919 1648.4 1648.915 1649.462 1649.96 1650.176 1650.504 1650.834 1651.149 1651.474 1651.848 1652.276 1652.713 1653.159 1653.623 1654.114
1636.777 1636.876 1637.518 1637.688 1637.614 1637.936 1638.297 1638.816 1639.216 1639.547 1639.801 1639.949 1640.076 1640.233 1640.427 1640.663 1640.864 1641.019 1641.089 1641.062 1640.924 1640.599 1640.151 1640 1640.324 1640.653 1640.934 1641.21 1641.513 1641.825 1642.135 1642.435 1642.724 1642.999 1643.265 1643.519 1643.762 1644.008 1644.269 1644.565 1644.913 1645.267 1645.558 1645.832 1646.148 1646.556 1647.007 1647.49 1648.011 1648.572 1649.189 1649.91 1650 1650.12 1650.29 1650.443 1650.666 1651.133 1651.642 1652.131 1652.63 1653.15 1653.681
1636.178 1636.329 1637.147 1637.365 1637.351 1637.74 1638.141 1638.45 1638.729 1638.97 1639.181 1639.36 1639.502 1639.656 1639.876 1640.138 1640.33 1640.461 1640.519 1640.453 1640.244 1640.021 1639.958 1639.961 1640 1640.22 1640.443 1640.686 1640.999 1641.327 1641.652 1641.962 1642.254 1642.532 1642.8 1643.058 1643.308 1643.562 1643.829 1644.123 1644.448 1644.789 1645.066 1645.295 1645.583 1646.052 1646.545 1647.061 1647.597 1648.151 1648.738 1649.329 1649.684 1649.912 1649.89 1649.95 1650 1650.515 1651.067 1651.599 1652.155 1652.729 1653.302
1635.585 1636.06 1636.895 1637.112 1637.213 1637.584 1637.779 1638.008 1638.223 1638.422 1638.604 1638.78 1638.951 1639.13 1639.361 1639.682 1639.993 1640.044 1640.038 1639.998 1639.824 1639.683 1639.606 1639.597 1639.66 1639.78 1639.943 1640.105 1640.474 1640.844 1641.19 1641.506 1641.797 1642.073 1642.339 1642.595 1642.846 1643.101 1643.365 1643.647 1643.951 1644.27 1644.575 1644.862 1645.03 1645.588 1646.114 1646.631 1647.134 1647.635 1648.131 1648.528 1648.808 1649.04 1649.233 1649.454 1649.731 1650.061 1650.571 1651.126 1651.725 1652.353 1652.983
1635.169 1635.75 1636.672 1637.021 1637.122 1637.207 1637.371 1637.547 1637.72 1637.887 1638.049 1638.216 1638.388 1638.57 1638.788 1639.086 1639.448 1639.82 1640 1639.582 1639.345 1639.199 1639.138 1639.158 1639.24 1639.369 1639.539 1639.777 1640.036 1640.415 1640.757 1641.066 1641.349 1641.618 1641.878 1642.128 1642.377 1642.626 1642.883 1643.157 1643.451 1643.763 1644.084 1644.443 1644.844 1645.245 1645.706 1646.17 1646.605 1647.018 1647.386 1647.696 1647.956 1648.231 1648.537 1648.89 1649.274 1649.69 1650.095 1650.67 1651.327 1652.031 1652.736
1635.002 1635.739 1636.408 1636.836 1636.74 1636.808 1636.942 1637.083 1637.223 1637.36 1637.501 1637.651 1637.81 1637.978 1638.176 1638.442 1638.746 1639.009 1639.101 1638.929 1638.766 1638.656 1638.633 1638.682 1638.784 1638.93 1639.118 1639.374 1639.671 1640.014 1640.341 1640.637 1640.906 1641.163 1641.415 1641.659 1641.9 1642.141 1642.39 1642.654 1642.937 1643.239 1643.566 1643.951 1644.42 1645.007 1645.285 1645.648 1645.986 1646.301 1646.59 1646.843 1647.127 1647.479 1647.907 1648.369 1648.845 1649.333 1649.834 1650.208 1650.971 1651.79 1652.588
1634.882 1635.707 1636.284 1636.31 1636.319 1636.38 1636.496 1636.614 1636.728 1636.838 1636.954 1637.08 1637.216 1637.363 1637.536 1637.767 1638.014 1638.211 1638.285 1638.203 1638.119 1638.076 1638.095 1638.174 1638.302 1638.469 1638.677 1638.941 1639.244 1639.572 1639.928 1640.205 1640.464 1640.709 1640.951 1641.186 1641.418 1641.648 1641.885 1642.134 1642.4 1642.686 1643.009 1643.389 1643.846 1644.388 1644.916 1645.083 1645.299 1645.518 1645.739 1645.981 1646.314 1646.786 1647.321 1647.873 1648.434 1649.004 1649.604 1650 1650.729 1651.707 1652.599
1634.838 1635.552 1636.084 1635.911 1635.894 1635.939 1636.04 1636.143 1636.235 1636.321 1636.405 1636.5 1636.608 1636.725 1636.873 1637.073 1637.264 1637.408 1637.492 1637.469 1637.446 1637.461 1637.528 1637.643 1637.799 1637.989 1638.216 1638.488 1638.786 1639.098 1639.418 1639.729 1640.034 1640.255 1640.486 1640.712 1640.934 1641.149 1641.365 1641.591 1641.832 1642.099 1642.407 1642.763 1643.178 1643.616 1643.987 1644.265 1644.473 1644.685 1644.897 1645.104 1645.53 1646.153 1646.783 1647.44 1648.105 1648.776 1649.44 1650 1650.991 1652.004 1652.92
1635.041 1635.365 1635.541 1635.491 1635.459 1635.507 1635.58 1635.675 1635.75 1635.811 1635.858 1635.91 1635.979 1636.065 1636.193 1636.356 1636.488 1636.597 1636.699 1636.728 1636.759 1636.827 1636.943 1637.1 1637.287 1637.5 1637.744 1638.021 1638.312 1638.612 1638.912 1639.207 1639.492 1639.765 1640.019 1640.238 1640.445 1640.64 1640.826 1641.019 1641.231 1641.477 1641.757 1642.079 1642.436 1642.79 1643.125 1643.411 1643.712 1644.039 1644.368 1644.691 1644.99 1645.615 1646.329 1647.101 1647.887 1648.668 1649.416 1650.321 1651.551 1652.582 1653.494
