example/dempm/DebrisFlow/dc7_dem_1411slide.txt
ncols         231
nrows         261
xllcorner     618049.313
yllcorner     3996199.5
cellsize      1
NODATA_value  -9999
[rows 224 to 251 of 261, columns 0 to 62 of 231]
1599.282 1599.072 1598.926 1599.085 1598.884 1599.053 1599.038 1599.174 1599.225 1599.008 1598.931 1598.974 1599.022 1598.92 1599.008 1599.459 1600.565 1600.498 1600.249 1601.101 1600.8 1600.476 1600.463 1601.143 1600.438 1600.429 1600.525 1601.083 1601.575 1601.52 1601.512 1601.661 1601.586 1601.653 1601.737 1601.663 1601.644 1601.741 1601.683 1601.708 1601.921 1601.801 1601.704 1601.711 1601.753 1601.688 1601.661 1601.969 1601.354 1601.616 1601.681 1601.792 1601.643 1601.508 1601.502 1601.564 1601.702 1601.969 1602.92 1603.496 1603.865 1604.043 1604.214
1599.261 1598.616 1598.691 1598.875 1598.972 1599.075 1599.078 1599.236 1599.174 1598.985 1598.922 1598.93 1598.959 1598.991 1598.97 1599.283 1600.418 1600.752 1600.614 1600.51 1600.452 1600.718 1600.486 1600.44 1600.475 1600.589 1600.662 1600.687 1600.686 1601.229 1601.518 1601.621 1601.371 1601.635 1601.51 1601.606 1601.63 1601.69 1601.741 1601.636 1601.59 1601.983 1601.844 1601.563 1601.816 1601.767 1601.258 1601.512 1601.896 1601.487 1601.613 1601.487 1601.84 1601.595 1601.503 1601.49 1601.753 1601.674 1602.091 1602.613 1602.872 1603.324 1603.781
1599.241 1598.493 1598.385 1598.458 1598.805 1599.054 1599.24 1599.245 1599.05 1598.982 1598.902 1599.01 1598.901 1598.915 1599.031 1598.904 1599.368 1600.794 1600.736 1600.417 1600.42 1600.46 1600.442 1600.527 1600.807 1600.631 1600.413 1600.392 1600.667 1601.232 1601.432 1601.965 1601.424 1601.618 1601.464 1601.548 1601.637 1601.576 1601.708 1601.567 1601.682 1601.713 1601.763 1601.899 1601.62 1601.517 1601.99 1601.438 1601.892 1601.595 1601.45 1601.556 1601.734 1601.521 1601.722 1602.283 1601.428 1601.525 1601.465 1601.403 1601.822 1602.255 1602.563
1599.221 1598.379 1598.275 1598.495 1598.547 1598.853 1599.075 1598.917 1598.926 1598.958 1598.986 1598.95 1598.91 1598.967 1599 1599.264 1599.037 1600.33 1600.726 1600.54 1600.378 1600.477 1600.539 1600.338 1600.573 1600.481 1600.659 1600.653 1600.248 1600.651 1601.264 1601.317 1601.333 1601.597 1601.537 1601.626 1601.649 1601.702 1601.705 1601.633 1601.528 1601.647 1601.601 1601.802 1601.497 1601.871 1601.592 1601.603 1601.824 1601.725 1601.524 1601.655 1601.586 1601.664 1601.703 1601.592 1601.405 1601.51 1601.465 1601.462 1601.258 1601.455 1601.605
1599.201 1598.603 1598.414 1598.474 1598.664 1599.261 1599.101 1599.033 1598.905 1598.916 1598.904 1598.798 1598.885 1598.89 1598.797 1598.979 1598.927 1599.301 1600.168 1600.557 1600.551 1600.437 1600.516 1600.52 1600.432 1600.552 1600.394 1600.568 1600.353 1600.463 1601.124 1601.117 1601.478 1601.422 1601.484 1601.426 1601.488 1601.779 1601.733 1601.816 1601.37 1601.542 1601.612 1601.963 1601.977 1601.854 1601.974 1601.431 1601.707 1601.751 1601.738 1601.665 1601.753 1601.649 1601.603 1601.594 1601.512 1601.445 1601.298 1601.345 1601.508 1601.341 1601.535
1599.181 1598.363 1598.389 1598.569 1598.928 1599.203 1598.977 1598.838 1598.938 1598.948 1598.869 1598.783 1598.79 1598.83 1598.834 1598.886 1598.766 1598.994 1599.408 1600.328 1600.509 1600.403 1600.479 1600.478 1600.368 1600.458 1600.429 1600.504 1600.549 1600.947 1600.441 1601.012 1601.219 1601.203 1601.497 1601.579 1601.784 1601.714 1601.678 1601.562 1601.319 1601.439 1601.413 1601.601 1601.849 1601.895 1601.795 1601.768 1601.316 1601.676 1601.837 1601.715 1601.684 1601.987 1601.596 1601.602 1601.465 1601.29 1601.57 1601.48 1601.432 1601.254 1601.3
1599.16 1598.548 1598.695 1598.794 1599.019 1599.011 1598.934 1598.795 1598.798 1598.931 1598.826 1598.91 1598.876 1598.876 1598.867 1598.899 1599.041 1598.925 1598.935 1599.227 1600.065 1600.409 1600.362 1600.31 1600.396 1600.441 1600.485 1600.456 1600.688 1600.629 1600.499 1600.577 1600.764 1600.631 1601.181 1601.43 1601.579 1601.562 1601.865 1601.693 1601.32 1601.359 1601.589 1601.497 1601.152 1601.664 1601.826 1601.971 1601.866 1601.777 1601.744 1601.564 1601.744 1601.636 1601.893 1601.651 1601.519 1601.304 1601.335 1601.713 1601.484 1601.201 1601.237
1599.14 1598.516 1598.539 1598.756 1598.872 1598.981 1598.935 1598.95 1598.951 1598.853 1598.892 1598.875 1598.887 1598.932 1598.965 1598.884 1598.864 1598.948 1598.969 1599.16 1599.53 1600.37 1600.529 1600.746 1600.38 1600.457 1600.556 1600.501 1600.583 1600.622 1600.44 1600.501 1600.606 1600.457 1600.605 1601.005 1601.363 1601.421 1602.008 1601.615 1601.419 1601.575 1601.596 1601.552 1601.398 1601.598 1601.855 1601.812 1601.712 1601.813 1601.734 1601.765 1601.855 1601.872 1601.76 1601.523 1601.382 1601.435 1601.5 1601.265 1601.192 1601.236 1601.283
1599.12 1599.072 1598.65 1598.916 1598.917 1598.997 1598.832 1598.675 1598.918 1598.988 1598.92 1598.94 1598.844 1598.857 1598.99 1599.001 1598.767 1598.856 1598.981 1599.38 1600.154 1600.381 1600.518 1600.494 1600.418 1600.59 1600.456 1600.561 1600.513 1600.548 1600.565 1600.562 1600.369 1600.608 1600.09 1600.4 1600.662 1601.094 1601.921 1601.596 1601.682 1601.624 1601.642 1601.719 1601.491 1601.508 1601.493 1601.476 1601.469 1601.507 1601.574 1601.735 1601.851 1601.775 1601.694 1601.366 1601.375 1601.461 1601.323 1601.133 1601.194 1601.232 1601.277
1599.099 1598.791 1598.962 1598.902 1598.733 1598.758 1598.636 1598.562 1598.686 1598.64 1598.688 1599.115 1598.86 1599.097 1599.004 1598.854 1598.868 1598.81 1599.158 1599.861 1600.139 1600.301 1600.415 1600.519 1600.564 1600.474 1600.444 1600.481 1600.537 1600.385 1600.069 1600.454 1600.512 1600.713 1600.565 1600.528 1600.659 1600.625 1601.378 1601.492 1601.53 1601.604 1601.615 1601.817 1601.549 1601.981 1601.51 1601.42 1601.597 1601.264 1601.197 1601.327 1601.69 1601.594 1601.554 1601.508 1601.234 1601.357 1601.323 1601.452 1601.232 1601.261 1601.265
1599.079 1598.782 1598.692 1598.952 1598.684 1598.648 1598.591 1598.59 1598.523 1598.619 1598.46 1598.594 1598.663 1598.758 1598.802 1599.111 1598.986 1599.1 1599.862 1600.476 1600.188 1600.243 1600.11 1600.201 1600.992 1601.214 1601.526 1601.176 1600.721 1600.379 1600.592 1600.48 1600.517 1600.495 1600.49 1600.335 1600.539 1600.398 1600.439 1600.811 1601.327 1601.675 1601.501 1601.727 1601.48 1601.76 1601.651 1601.291 1601.393 1601.657 1601.067 1601.714 1601.319 1601.367 1601.475 1601.294 1601.497 1601.62 1601.272 1601.525 1601.325 1601.277 1601.295
1599.059 1598.759 1598.682 1598.782 1598.524 1598.617 1598.517 1598.506 1598.54 1598.504 1598.482 1598.458 1598.788 1598.636 1598.591 1598.607 1598.698 1598.848 1598.931 1599.428 1599.603 1599.855 1599.942 1600.381 1600.781 1601.436 1601.826 1601.13 1600.518 1600.517 1600.635 1600.56 1600.598 1600.599 1600.36 1600.542 1600.601 1600.396 1600.542 1600.576 1600.852 1601.266 1601.481 1601.73 1601.547 1601.759 1601.754 1600.96 1601.081 1601.41 1601.482 1601.419 1601.554 1601.125 1601.475 1601.393 1601.212 1601.477 1601.364 1601.355 1601.419 1601.256 1601.287
1599.039 1598.614 1598.601 1598.658 1598.368 1598.494 1598.432 1598.571 1598.619 1598.538 1598.651 1598.519 1598.566 1598.563 1598.492 1598.558 1598.714 1598.672 1598.587 1598.812 1598.825 1599.183 1599.792 1600.377 1600.653 1601.541 1601.444 1601.663 1600.912 1600.764 1600.508 1600.549 1600.523 1600.457 1600.624 1600.703 1600.697 1600.594 1600.51 1600.222 1600.717 1600.65 1600.915 1601.278 1601.327 1601.457 1601.732 1601.296 1600.975 1601.133 1601.169 1601.18 1601.264 1601.401 1601.467 1601.337 1601.447 1601.294 1601.303 1601.373 1601.434 1601.45 1601.249
1599.018 1598.545 1598.524 1598.765 1598.684 1598.456 1598.569 1598.547 1598.631 1598.483 1598.658 1598.598 1598.731 1598.594 1598.573 1598.522 1598.721 1598.464 1598.553 1598.692 1598.583 1598.734 1598.784 1599.51 1600.183 1600.716 1601.02 1601.085 1601.316 1599.898 1600.723 1600.517 1600.626 1600.372 1600.402 1600.576 1600.984 1600.834 1600.58 1600.378 1600.734 1600.667 1600.621 1600.819 1600.937 1601.268 1601.484 1601.29 1601.022 1600.987 1601.099 1601.14 1601.021 1601.21 1601.333 1601.195 1601.512 1601.402 1601.271 1601.176 1601.165 1601.454 1601.637
1598.909 1598.52 1598.497 1598.598 1598.547 1598.529 1598.715 1598.726 1598.458 1598.585 1598.61 1598.457 1598.703 1598.583 1598.721 1598.635 1598.603 1598.616 1598.594 1598.64 1598.546 1598.639 1598.657 1598.651 1599.007 1599.596 1600.269 1601.3 1601.004 1600.5 1600.591 1600.616 1600.651 1600.832 1600.644 1601.001 1600.656 1600.893 1600.546 1600.479 1600.501 1600.585 1600.593 1600.835 1601.277 1601.415 1601.278 1601.047 1601.208 1601.201 1600.786 1601.15 1601.229 1601.171 1601.107 1601.227 1601.269 1601.452 1601.504 1600.854 1601.191 1601.448 1601.559
1598.533 1598.524 1598.657 1598.492 1598.566 1598.392 1598.709 1598.777 1598.358 1598.469 1598.544 1598.623 1598.399 1598.674 1598.436 1598.457 1598.77 1598.645 1598.503 1598.482 1598.331 1598.689 1598.671 1598.635 1598.394 1598.639 1598.731 1600.166 1600.579 1600.426 1600.97 1600.856 1600.434 1600.681 1600.851 1600.748 1600.581 1600.615 1600.408 1600.394 1600.423 1600.652 1600.935 1600.829 1601.534 1601.672 1601.142 1601.153 1601.067 1601.242 1600.992 1601.238 1601.169 1601.086 1601.006 1600.965 1601.047 1601.121 1601.059 1601.181 1601.288 1601.491 1601.341
1598.401 1598.183 1598.398 1598.424 1598.539 1598.398 1598.617 1598.453 1598.617 1598.749 1598.652 1598.564 1598.573 1598.541 1598.432 1598.607 1598.63 1598.545 1598.428 1598.801 1598.664 1598.615 1598.74 1598.711 1598.704 1598.662 1599.014 1599.661 1599.496 1599.561 1599.849 1600.846 1600.707 1600.323 1600.481 1600.63 1600.509 1600.477 1600.636 1600.43 1600.412 1600.597 1600.82 1600.725 1601.298 1601.283 1601.417 1601.112 1601.108 1601.225 1600.948 1601.126 1601.178 1601.089 1601.321 1601.348 1601.163 1601.141 1601.251 1601.196 1601.05 1601.241 1601.229
1598.268 1597.989 1598.177 1598.243 1598.55 1598.412 1598.553 1598.698 1598.525 1598.874 1598.7 1598.648 1598.66 1598.48 1598.508 1598.529 1598.552 1598.466 1598.538 1598.729 1598.761 1598.582 1598.64 1598.387 1598.701 1598.792 1598.445 1598.629 1598.715 1598.657 1599.042 1599.438 1600.017 1600.068 1600.149 1600.424 1600.363 1600.709 1600.577 1600.47 1600.42 1600.528 1600.572 1600.612 1601.012 1601.321 1601.47 1601.23 1601.377 1601.101 1600.472 1599.821 1601.017 1601.235 1601.316 1601.28 1601.013 1601.104 1601.229 1601.226 1601.19 1601.097 1601.098
1598.136 1598.026 1597.984 1598.037 1598.196 1598.402 1598.593 1598.19 1598.614 1598.532 1598.995 1598.8 1598.724 1598.619 1598.669 1598.552 1598.745 1598.652 1598.646 1598.617 1598.638 1598.662 1598.668 1598.676 1598.541 1598.726 1598.276 1598.613 1598.619 1598.535 1598.492 1598.917 1599.146 1599.651 1599.947 1599.842 1600.185 1600.454 1600.48 1600.348 1600.277 1600.1 1600.18 1601.316 1601.226 1601.182 1601.589 1601.458 1601.193 1601.115 1600.719 1600.865 1601.184 1601.089 1600.392 1600.015 1601.196 1601.21 1601.449 1601.147 1601.27 1601.259 1601.216
1598.004 1598.022 1598.019 1597.888 1597.978 1597.777 1598.133 1598.298 1598.729 1598.42 1598.408 1598.917 1599.083 1598.963 1598.399 1598.727 1598.743 1598.729 1598.689 1598.543 1598.507 1598.569 1598.51 1598.753 1598.692 1598.277 1598.533 1598.617 1598.599 1598.593 1598.72 1598.739 1598.54 1598.761 1599.174 1599.324 1599.563 1599.917 1599.915 1599.882 1599.935 1599.946 1600.396 1600.878 1600.792 1600.956 1601.2 1601.592 1601.546 1602.095 1600.965 1601.08 1601.232 1601.378 1600.913 1601.084 1601.292 1601.098 1601.236 1601.199 1601.135 1601.137 1601.216
1597.872 1598.079 1598.195 1598.225 1598.099 1598.138 1598.002 1598.001 1598.198 1598.338 1598.516 1598.635 1599.092 1599.094 1598.303 1598.531 1598.593 1598.611 1598.403 1598.661 1598.435 1598.63 1598.574 1598.305 1598.489 1598.592 1598.385 1598.665 1598.604 1598.659 1598.527 1598.579 1598.281 1598.463 1598.598 1598.837 1599.63 1599.464 1599.817 1599.815 1599.599 1599.682 1599.894 1600.464 1600.515 1601.037 1601.149 1601.373 1601.338 1601.189 1600.887 1601.062 1601.176 1601.093 1601.089 1601.219 1601.222 1601.204 1601.205 1601.156 1601.145 1601.19 1601.187
1597.74 1598.122 1597.99 1598.068 1597.998 1597.997 1598.099 1598.033 1598.004 1597.892 1598.192 1598.364 1599.418 1598.021 1598.25 1598.369 1598.531 1598.575 1598.598 1598.414 1598.682 1598.585 1598.418 1598.623 1598.511 1598.685 1598.626 1598.591 1598.706 1598.726 1598.434 1598.55 1598.754 1598.653 1598.534 1598.597 1598.996 1599.389 1599.687 1599.661 1599.684 1599.646 1599.78 1599.921 1600.079 1600.715 1601.007 1601.507 1601.331 1601.186 1601.318 1601.501 1601.253 1601.107 1601.244 1601.586 1601.157 1601.294 1601.277 1601.127 1601.101 1601.356 1601.084
1597.607 1598.156 1598.259 1597.99 1598.029 1598.016 1597.748 1597.921 1598.121 1597.954 1598.138 1598.166 1598.477 1598.45 1598.407 1598.573 1598.693 1598.553 1598.608 1598.364 1598.329 1598.331 1598.462 1598.579 1598.65 1598.654 1598.612 1598.684 1598.71 1598.485 1598.576 1598.538 1598.322 1598.516 1598.596 1598.653 1598.934 1599.334 1599.446 1599.57 1598.954 1599.196 1599.37 1599.56 1599.908 1599.872 1599.785 1600.504 1601.909 1601.263 1601.467 1601.347 1601.186 1601.204 1601.278 1600.953 1601.111 1601.31 1601.366 1601.082 1601.151 1601.198 1600.938
1597.475 1597.762 1598.165 1598.045 1598.056 1597.558 1597.778 1597.93 1598.084 1598.163 1598.028 1598.07 1598.054 1598.281 1598.626 1598.472 1598.63 1598.675 1598.498 1598.718 1598.659 1598.374 1598.517 1598.424 1598.751 1598.585 1598.37 1598.516 1598.572 1598.539 1598.465 1598.478 1598.738 1598.695 1598.542 1598.671 1598.959 1599.224 1599.177 1599.125 1598.891 1598.991 1599.095 1599.023 1599.54 1599.468 1599.763 1599.887 1599.966 1600.576 1601.077 1601.128 1601.499 1601.323 1601.327 1601.388 1601.282 1601.148 1601.223 1601.279 1601.121 1600.903 1600.772
-9999 1597.663 1597.956 1597.837 1597.644 1597.595 1597.857 1597.98 1597.936 1598.145 1598.117 1597.941 1597.99 1597.746 1597.832 1598.324 1598.292 1598.484 1598.687 1598.738 1598.734 1598.626 1598.655 1598.533 1598.526 1598.385 1598.692 1598.637 1598.515 1598.584 1598.638 1598.71 1598.662 1598.698 1598.745 1599.049 1599.164 1599.166 1599.043 1598.922 1598.917 1599.208 1599.281 1599.314 1599.166 1599.302 1599.377 1599.414 1599.941 1599.903 1600.105 1600.413 1600.689 1601.023 1601.018 1601.263 1600.943 1601.137 1601.224 1601.085 1601.062 1600.865 1600.999
-9999 1597.737 1597.578 1597.592 1597.917 1598.093 1598.065 1597.957 1597.989 1597.941 1598.07 1597.812 1598.031 1597.961 1597.915 1597.842 1597.917 1598.107 1598.316 1598.519 1599.012 1598.938 1598.718 1598.476 1598.405 1598.609 1598.668 1598.632 1598.749 1598.619 1598.668 1598.581 1598.588 1598.792 1598.922 1599.166 1599.171 1599.171 1598.906 1599.231 1599.125 1599.099 1599.03 1598.92 1598.938 1598.83 1598.813 1598.945 1599.142 1599.34 1599.735 1599.893 1599.938 1600.46 1600.773 1600.667 1600.985 1601.104 1601.24 1601.338 1601.248 1601.081 1601.127
-9999 1597.416 1597.847 1597.75 1597.798 1597.815 1597.868 1598.081 1597.975 1598.087 1598.056 1597.963 1598.124 1597.981 1598.335 1598.574 1598.19 1597.952 1598.002 1598.127 1598.274 1598.56 1598.187 1598.626 1598.648 1598.444 1598.475 1598.44 1598.696 1598.581 1598.479 1598.492 1598.632 1598.932 1598.978 1599.013 1598.928 1599.015 1599.092 1599.036 1599.015 1599.001 1598.969 1599.067 1599.106 1598.954 1599.108 1598.928 1598.805 1599.09 1599.126 1599.267 1599.685 1599.768 1599.936 1600.463 1600.736 1601.029 1601.189 1601.224 1601.012 1601.176 1601.3
-9999 1597.737 1597.584 1597.814 1597.738 1597.621 1597.476 1597.706 1597.801 1598.109 1597.828 1598.013 1598.049 1598.024 1597.813 1598.088 1597.997 1597.831 1597.897 1598.198 1598.028 1598.166 1598.335 1598.524 1598.409 1598.543 1598.402 1599.027 1598.678 1598.396 1598.617 1598.676 1598.756 1598.141 1598.887 1598.91 1598.685 1598.571 1598.981 1598.99 1599.023 1598.981 1598.825 1599.043 1599.047 1598.833 1599.178 1599.019 1599.05 1598.98 1598.982 1599.151 1599.247 1599.565 1599.64 1599.815 1599.599 1600.13 1600.741 1601.24 1601.241 1601.203 1601.304
